    2    4    4
 65.390 32.066
    1    1  1.0000  0.0000  0.0000
 -6.100618873652  -0.005419845887  -0.000117881454
 -0.168883158333   0.001613829970  -0.000007581227
  0.299491607036   0.002079675774  -0.000122534491
  5.970010424949   0.001726340143   0.000247997172
    1    2  0.0000  0.0000  1.0000
  0.000000000000   0.000000000000  -8.064866874916
  0.000000000000   0.000000000000   1.886488758892
 -0.000000000000  -0.000000000000   4.263349557803
 -0.000000000000   0.000000000000   1.915028558221
    3    1  1.0000  0.0000  0.0000
  0.287786113349   0.002432019307   0.000056890483
  6.003667738245   0.001512134100  -0.000061349506
 -6.866824576747  -0.006558620747  -0.000032534045
  0.575370725153   0.002614467341   0.000036993068
    3    2  0.0000  0.0000  1.0000
  0.000000000000   0.000000000000   4.226901938555
  0.000000000000   0.000000000000   1.866478435529
  0.000000000000  -0.000000000000  -9.655599301923
 -0.000000000000   0.000000000000   3.562218927839
